116
116
116
116
116
116
116
116
116
116
116
116
116
116
116
116
116
116
116
116
116
116
116
116
116
116
116
116
116
116
116
116
116
116
116
116
116
116
116
116
116
116
116
116
116
116
116
116
116
116
116
116
116
116
116
116
116
116
116
116
116
116
116
116
116
116
116
116
116
116
116
116
116
116
116
116
116
116
116
116
116
116
116
116
116
116
116
116
116
116
116
116
116
116
116
116
116
116
116
116
116
116
116
116
116
116
116
116
116
116
116
116
116
116
116
116
116
116
116
116
116
116
116
116
116
116
116
116
116
116
116
116
116
116
116
116
116
116
116
116
116
116
116
116
116
116
116
116
116
116
116
116
116
116
116
116
116
116
116
116
116
116
116
116
116
116
116
116
116
116
116
116
116
116
116
116
116
116
116
116
116
116
116
116
116
116
116
116
116
116
116
118.608
119.043
119.478
119.912
120.347
120.782
121.216
121.651
122.086
122.52
122.955
123.39
123.825
124.259
124.694
125.129
125.563
125.998
126.433
126.867
127.302
127.737
128.171
128.606
129.041
129.476
129.91
130.345
130.78
131.214
131.649
132.084
132.518
132.953
133.388
133.823
134.257
134.692
135.127
135.561
135.996
136.431
136.865
137.3
137.735
138.169
138.604
139.039
139.474
139.908
140.343
140.778
141.212
141.647
142.082
142.516
142.951
143.386
143.821
144.255
144.69
145.125
145.559
145.994
146.429
146.863
147.298
147.733
148.168
148.602
149.037
149.472
149.906
150.341
150.776
151.21
151.645
152.08
152.514
152.949
153.384
153.819
154.253
154.688
155.123
155.557
155.992
156.427
156.861
157.296
157.731
158.166
158.6
159.035
159.47
159.904
160.339
160.774
161.208
161.643
162.078
162.512
162.947
163.382
163.817
164.251
164.686
165.121
165.555
165.99
166.425
166.859
167.294
167.729
168.164
168.598
169.033
169.468
169.902
170.337
170.772
171.206
171.641
172.076
172.51
172.945
173.38
173.815
174.249
174.684
175.119
175.553
175.988
176.423
176.857
177.292
177.727
178.162
178.596
179.031
179.466
179.9
180.335
180.77
181.204
181.639
182.074
182.508
182.943
183.378
183.813
184.247
184.682
185.117
185.551
185.986
186.421
186.855
187.29
187.725
188.16
188.594
189.029
189.464
189.898
190.333
190.768
191.202
191.637
192.072
192.507
192.941
193.376
193.811
194.245
194.68
195.115
195.549
195.984
196.419
196.853
197.288
197.723
198.158
198.592
199.027
199.462
199.896
200.331
200.766
201.2
201.635
202.07
202.505
202.939
203.374
203.809
204.243
204.678
205.113
205.547
205.982
206.417
206.851
207.286
207.721
208.156
208.59
209.025
209.46
209.894
210.329
210.764
211.198
211.633
212.068
212.503
212.937
213.372
213.807
214.241
214.676
215.111
215.545
215.98
216.415
216.849
217.284
217.719
218.154
218.588
219.023
219.458
220
220
220
220
220
220
220
220
220
220
220
220
220
220
220
220
220
220
220
220
220
220
220
220
220
220
220
220
220
220
220
220
220
220
220
220
220
220
220
220
220
220
220
220
220
220
220
220
220
220
220
220
220
220
220
220
220
220
220
220
220
220
220
220
220
220
220
220
220
220
220
220
220
220
220
220
220
220
220
220
220
220
220
220
220
220
220
220
220
220
220
220
220
220
220
220
220
220
220
220
220
220
220
220
220
220
220
220
220
220
220
220
220
220
220
220
220
220
220
220
220
220
220
220
220
220
220
220
220
220
220
220
220
220
220
220
220
220
220
220
220
220
220
220
220
220
220
220
220
220
220
220
220
220
220
220
220
220
220
220
220
220
220
220
220
220
220
220
220
220
220
220
220
220
220
220
220
220
220
220
220
220
220
220
220
220
220
220
220
220
220
220
220
220
220
220
220
220
220
220
220
220
220
220
220
220
220
220
220
220
220
220
220
220
220
220
220
220
220
220
220
220
220
220
220
220
220
220
220
220
220
220
220
220
220
220
220
220
220
220
220
220
220
220
220
220
220
220
220
220
220
220
220
220
220
220
220
220
220
220
220
220
220
220
220
220
220
220
220
220
220
220
220
220
220
220
220
220
220
220
220
220
220
220
220
220
220
220
220
220
220
220
220
220
220
220
220
220
220
220
220
220
220
220
220
220
220
220
220
220
220
220
220
220
220
220
220
220
220
220
220
220
220
220
220
220
220
220
220
220
220
220
220
220
220
220
220
220
220
220
220
220
220
220
220
220
220
220
220
220
220
220
220
220
220
220
220
220
220
220
220
220
220
220
220
220
220
220
220
220
220
220
220
220
220
220
220
220
220
220
220
220
220
220
220
220
220
220
220
220
220
220
220
220
220
220
220
220
220
220
220
220
220
220
220
220
220
220
220
220
220
220
220
220
220
220
220
220
220
220
220
220
220
220
220
220
220
220
220
220
220
220
220
220
220
220
220
220
220
220
220
220
220
220
220
220
220
220
220
220
220
220
220
220
220
220
220
220
220
220
220
220
220
220
220
220
220
220
220
220
220
217.392
216.957
216.522
216.088
215.653
215.218
214.784
214.349
213.914
213.48
213.045
212.61
212.175
211.741
211.306
210.871
210.437
210.002
209.567
209.133
208.698
208.263
207.829
207.394
206.959
206.524
206.09
205.655
205.22
204.786
204.351
203.916
203.482
203.047
202.612
202.177
201.743
201.308
200.873
200.439
200.004
199.569
199.135
198.7
198.265
197.831
197.396
196.961
196.526
196.092
195.657
195.222
194.788
194.353
193.918
193.484
193.049
192.614
192.179
191.745
191.31
190.875
190.441
190.006
189.571
189.137
188.702
188.267
187.832
187.398
186.963
186.528
186.094
185.659
185.224
184.79
184.355
183.92
183.486
183.051
182.616
182.181
181.747
181.312
180.877
180.443
180.008
179.573
179.139
178.704
178.269
177.834
177.4
176.965
176.53
176.096
175.661
175.226
174.792
174.357
173.922
173.488
173.053
172.618
172.183
171.749
171.314
170.879
170.445
170.01
169.575
169.141
168.706
168.271
167.836
167.402
166.967
166.532
166.098
165.663
165.228
164.794
164.359
163.924
163.49
163.055
162.62
162.185
161.751
161.316
160.881
160.447
160.012
159.577
159.143
158.708
158.273
157.838
157.404
156.969
156.534
156.1
155.665
155.23
154.796
154.361
153.926
153.492
153.057
152.622
152.187
151.753
151.318
150.883
150.449
150.014
149.579
149.145
148.71
148.275
147.84
147.406
146.971
146.536
146.102
145.667
145.232
144.798
144.363
143.928
143.493
143.059
142.624
142.189
141.755
141.32
140.885
140.451
140.016
139.581
139.147
138.712
138.277
137.842
137.408
136.973
136.538
136.104
135.669
135.234
134.8
134.365
133.93
133.495
133.061
132.626
132.191
131.757
131.322
130.887
130.453
130.018
129.583
129.149
128.714
128.279
127.844
127.41
126.975
126.54
126.106
125.671
125.236
124.802
124.367
123.932
123.497
123.063
122.628
122.193
121.759
121.324
120.889
120.455
120.02
119.585
119.151
118.716
118.281
117.846
117.412
116.977
116.542
116
116
116
116
116
116
116
116
116
116
116
116
116
116
116
116
116
116
116
116
116
116
116
116
116
116
116
116
116
116
116
116
116
116
116
116
116
116
116
116
116
116
116
116
116
116
116
116
116
116
116
116
116
116
116
116
116
116
116
116
116
116
116
116
116
116
116
116
116
116
116
116
116
116
116
116
116
116
116
116
116
116
116
116
116
116
116
116
116
116
116
116
116
116
116
116
116
116
116
116
116
116
116
116
116
116
116
116
116
116
116
116
116
116
116
116
116
116
116
116
116
116
116
116
116
116
116
116
116
116
116
116
116
116
116
116
116
116
116
116
116
116
116
116
116
116
116
116
116
116
116
116
116
116
116
116
116
116
116
116
116
116
116
116
116
116
116
116
116
116
116
116
116
116
116
116
116
116
116
116
116
116
116
116
116
116
116
116
116
116
116
116
116
116
116
116
116
116
116
116
116
116
116
116
116
116
116
116
116
116
116
116
116
116
116
116
116
116
116
116
116
116
116
116
116
116
116
116
116
116
116
116
116
116
116
116
116
116
116
116
116
116
116
116
116
116
116
116
116
116
116
116
116
116
116
116
116
116
116
116
116
116
116
116
116
116
116
116
116
116
116
116
116
116
116
116
116
116
116
116
116
116
116
116
116
116
116
116
116
116
116
116
116
116
116
116
116
116
116
116
116
116
116
116
116
116
116
116
116
116
116
116
116
116
116
116
116
116
116
116
116
116
116
116
116
116
116
116
116
116
116
116
116
116
116
116
116
116
116
116
116
116
116
116
116
116
116
116
116
116
116
116
116
116
116
116
116
116
116
116
116
116
116
116
116
116
116
116
116
116
116
116
116
116
116
116
116
116
116
116
116
116
116
116
116
116
116
116
116
116
116
116
116
116
116
116
116
116
116
116
116
116
116
116
116
116
116
118.608
119.043
119.478
119.912
120.347
120.782
121.216
121.651
122.086
122.52
122.955
123.39
123.825
124.259
124.694
125.129
125.563
125.998
126.433
126.867
127.302
127.737
128.171
128.606
129.041
129.476
129.91
130.345
130.78
131.214
131.649
132.084
132.518
132.953
133.388
133.823
134.257
134.692
135.127
135.561
135.996
136.431
136.865
137.3
137.735
138.169
138.604
139.039
139.474
139.908
140.343
140.778
141.212
141.647
142.082
142.516
142.951
143.386
143.821
144.255
144.69
145.125
145.559
145.994
146.429
146.863
147.298
147.733
148.168
148.602
149.037
149.472
149.906
150.341
150.776
151.21
151.645
152.08
152.514
152.949
153.384
153.819
154.253
154.688
155.123
155.557
155.992
156.427
156.861
157.296
157.731
158.166
158.6
159.035
159.47
159.904
160.339
160.774
161.208
161.643
162.078
162.512
162.947
163.382
163.817
164.251
164.686
165.121
165.555
165.99
166.425
166.859
167.294
167.729
168.164
168.598
169.033
169.468
169.902
170.337
170.772
171.206
171.641
172.076
172.51
172.945
173.38
173.815
174.249
174.684
175.119
175.553
175.988
176.423
176.857
177.292
177.727
178.162
178.596
179.031
179.466
179.9
180.335
180.77
181.204
181.639
182.074
182.508
182.943
183.378
183.813
184.247
184.682
185.117
185.551
185.986
186.421
186.855
187.29
187.725
188.16
188.594
189.029
189.464
189.898
190.333
190.768
191.202
191.637
192.072
192.507
192.941
193.376
193.811
194.245
194.68
195.115
195.549
195.984
196.419
196.853
197.288
197.723
198.158
198.592
199.027
199.462
199.896
200.331
200.766
201.2
201.635
202.07
202.505
202.939
203.374
203.809
204.243
204.678
205.113
205.547
205.982
206.417
206.851
207.286
207.721
208.156
208.59
209.025
209.46
209.894
210.329
210.764
211.198
211.633
212.068
212.503
212.937
213.372
213.807
214.241
214.676
215.111
215.545
215.98
216.415
216.849
217.284
217.719
218.154
218.588
219.023
219.458
220
220
220
220
220
220
220
220
220
220
220
220
220
220
220
220
220
220
220
220
220
220
220
220
220
220
220
220
220
220
220
220
220
220
220
220
220
220
220
220
220
220
220
220
220
220
220
220
220
220
220
220
220
220
220
220
220
220
220
220
220
220
220
220
220
220
220
220
220
220
220
220
220
220
220
220
220
220
220
220
220
220
220
220
220
220
220
220
220
220
220
220
220
220
220
220
220
220
220
220
220
220
220
220
220
220
220
220
220
220
220
220
220
220
220
220
220
220
220
220
220
220
220
220
220
220
220
220
220
220
220
220
220
220
220
220
220
220
220
220
220
220
220
220
220
220
220
220
220
220
220
220
220
220
220
220
220
220
220
220
220
220
220
220
220
220
220
220
220
220
220
220
220
220
220
220
220
220
220
220
220
220
220
220
220
220
220
220
220
220
220
220
220
220
220
220
220
220
220
220
220
220
220
220
220
220
220
220
220
220
220
220
220
220
220
220
220
220
220
220
220
220
220
220
220
220
220
220
220
220
220
220
220
220
220
220
220
220
220
220
220
220
220
220
220
220
220
220
220
220
220
220
220
220
220
220
220
220
220
220
220
220
220
220
220
220
220
220
220
220
220
220
220
220
220
220
220
220
220
220
220
220
220
220
220
220
220
220
220
220
220
220
220
220
220
220
220
220
220
220
220
220
220
220
220
220
220
220
220
220
220
220
220
220
220
220
220
220
220
220
220
220
220
220
220
220
220
220
220
220
220
220
220
220
220
220
220
220
220
220
220
220
220
220
220
220
220
220
220
220
220
220
220
220
220
220
220
220
220
220
220
220
220
220
220
220
220
220
220
220
220
220
220
220
220
220
220
220
220
220
220
220
220
220
220
220
220
220
220
220
220
220
220
220
220
220
220
220
220
220
220
220
220
220
220
220
220
220
220
220
220
220
220
220
220
220
220
220
220
220
220
220
220
220
220
217.392
216.957
216.522
216.088
215.653
215.218
214.784
214.349
213.914
213.48
213.045
212.61
212.175
211.741
211.306
210.871
210.437
210.002
209.567
209.133
208.698
208.263
207.829
207.394
206.959
206.524
206.09
205.655
205.22
204.786
204.351
203.916
203.482
203.047
202.612
202.177
201.743
201.308
200.873
200.439
200.004
199.569
199.135
198.7
198.265
197.831
197.396
196.961
196.526
196.092
195.657
195.222
194.788
194.353
193.918
193.484
193.049
192.614
192.179
191.745
191.31
190.875
190.441
190.006
189.571
189.137
188.702
188.267
187.832
187.398
186.963
186.528
186.094
185.659
185.224
184.79
184.355
183.92
183.486
183.051
182.616
182.181
181.747
181.312
180.877
180.443
180.008
179.573
179.139
178.704
178.269
177.834
177.4
176.965
176.53
176.096
175.661
175.226
174.792
174.357
173.922
173.488
173.053
172.618
172.183
171.749
171.314
170.879
170.445
170.01
169.575
169.141
168.706
168.271
167.836
167.402
166.967
166.532
166.098
165.663
165.228
164.794
164.359
163.924
163.49
163.055
162.62
162.185
161.751
161.316
160.881
160.447
160.012
159.577
159.143
158.708
158.273
157.838
157.404
156.969
156.534
156.1
155.665
155.23
154.796
154.361
153.926
153.492
153.057
152.622
152.187
151.753
151.318
150.883
150.449
150.014
149.579
149.145
148.71
148.275
147.84
147.406
146.971
146.536
146.102
145.667
145.232
144.798
144.363
143.928
143.493
143.059
142.624
142.189
141.755
141.32
140.885
140.451
140.016
139.581
139.147
138.712
138.277
137.842
137.408
136.973
136.538
136.104
135.669
135.234
134.8
134.365
133.93
133.495
133.061
132.626
132.191
131.757
131.322
130.887
130.453
130.018
129.583
129.149
128.714
128.279
127.844
127.41
126.975
126.54
126.106
125.671
125.236
124.802
124.367
123.932
123.497
123.063
122.628
122.193
121.759
121.324
120.889
120.455
120.02
119.585
119.151
118.716
118.281
117.846
117.412
116.977
116.542
116
116
116
116
116
116
116
116
116
116
116
116
116
116
116
116
116
116
116
116
116
116
116
116
116
116
116
116
116
116
116
116
116
116
116
116
116
116
116
116
116
116
116
116
116
116
116
116
116
116
116
116
116
116
116
116
116
116
116
116
116
116
116
116
116
116
116
116
116
116
116
116
116
116
116
116
116
116
116
116
116
116
116
116
116
116
116
116
116
116
116
116
116
116
116
116
116
116
116
116
116
116
116
116
116
116
116
116
116
116
116
116
116
116
116
116
116
116
116
116
116
116
116
116
116
116
116
116
116
116
116
116
116
116
116
116
116
116
116
116
116
116
116
116
116
116
116
116
116
116
116
116
116
116
116
116
116
116
116
116
116
116
116
116
116
116
116
116
116
116
116
116
116
116
116
116
116
116
116
116
116
116
116
116
116
116
116
116
116
116
116
116
116
116
116
116
116
116
116
116
116
116
116
116
116
116
116
116
116
116
116
116
116
116
116
116
116
116
116
116
116
116
116
116
116
116
116
116
116
116
116
116
116
116
116
116
116
116
116
116
116
116
116
116
116
116
116
116
116
116
116
116
116
116
116
116
116
116
116
116
116
116
116
116
116
116
116
116
116
116
116
116
116
116
116
116
116
116
116
116
116
116
116
116
116
116
116
116
116
116
116
116
116
116
116
116
116
116
116
116
116
116
116
116
116
116
116
116
116
116
116
116
116
116
116
116
116
116
116
116
116
116
116
116
116
116
116
116
116
116
116
116
116
116
116
116
116
116
116
116
116
116
116
116
116
116
116
116
116
116
116
116
116
116
116
116
116
116
116
116
116
116
116
116
116
116
116
116
116
116
116
116
116
116
116
116
116
116
116
116
116
116
116
116
116
116
116
116
116
116
116
116
116
116
116
116
116
116
116
116
116
116
116
116
116
116
116
116
116
116
116
116
116
116
116
116
116
116
116
116
116
116
116
116
116
116
116
116
116
116
116
116
116
116
116
116
116
116
116
116
116
116
116
116
116
116
116
116
116
116
116
116
116
116
116
116
116
116
116
116
116
116
116
116
116
116
116
116
116
116
116
116
116
116
116
116
116
116
116
116
116
116
116
116
116
116
116
116
116
116
116
116
116
116
116
116
116
116
116
116
116
116
116
116
116
116
116
116
116
116
116
116
116
116
116
116
116
116
116
116
116
116
116
116
116
116
116
116
116
116
116
116
116
116
116
116
116
116
113.392
112.957
112.522
112.088
111.653
111.218
110.784
110.349
109.914
109.48
109.045
108.61
108.175
107.741
107.306
106.871
106.437
106.002
105.567
105.133
104.698
104.263
103.829
103.394
102.959
102.524
102.09
101.655
101.22
100.786
100.351
99.9162
99.4816
99.0469
98.6122
98.1775
97.7428
97.3081
96.8734
96.4387
96.004
95.5693
95.1346
94.6999
94.2652
93.8305
93.3958
92.9611
92.5264
92.0917
91.657
91.2223
90.7876
90.3529
89.9182
89.4835
89.0488
88.6141
88.1795
87.7448
87.3101
86.8754
86.4407
86.006
85.5713
85.1366
84.7019
84.2672
83.8325
83.3978
82.9631
82.5284
82.0937
81.659
81.2243
80.7896
80.3549
79.9202
79.4855
79.0508
78.6161
78.1814
77.7467
77.3121
76.8774
76.4427
76.008
75.5733
75.1386
74.7039
74.2692
73.8345
73.3998
72.9651
72.5304
72.0957
71.661
71.2263
70.7916
70.3569
69.9222
69.4875
69.0528
68.6181
68.1834
67.7487
67.314
66.8793
66.4447
66.01
65.5753
65.1406
64.7059
64.2712
63.8365
63.4018
62.9671
62.5324
62.0977
61.663
61.2283
60.7936
60.3589
59.9242
59.4895
59.0548
58.6201
58.1854
57.7507
57.316
56.8813
56.4466
56.0119
55.5772
55.1426
54.7079
54.2732
53.8385
53.4038
52.9691
52.5344
52.0997
51.665
51.2303
50.7956
50.3609
49.9262
49.4915
49.0568
48.6221
48.1874
47.7527
47.318
46.8833
46.4486
46.0139
45.5792
45.1445
44.7098
44.2752
43.8405
43.4058
42.9711
42.5364
42.1017
41.667
41.2323
40.7976
40.3629
39.9282
39.4935
39.0588
38.6241
38.1894
37.7547
37.32
36.8853
36.4506
36.0159
35.5812
35.1465
34.7118
34.2771
33.8424
33.4078
32.9731
32.5384
32.1037
31.669
31.2343
30.7996
30.3649
29.9302
29.4955
29.0608
28.6261
28.1914
27.7567
27.322
26.8873
26.4526
26.0179
25.5832
25.1485
24.7138
24.2791
23.8444
23.4097
22.975
22.5403
22.1057
21.671
21.2363
20.8016
20.3669
19.9322
19.4975
19.0628
18.6281
18.1934
17.7587
17.324
16.8893
16.4546
16.0199
15.5852
15.1505
14.7158
14.2811
13.8464
13.4117
12.977
12.5423
12
12
12
12
12
12
12
12
12
12
12
12
12
12
12
12
12
12
12
12
12
12
12
12
12
12
12
12
12
12
12
12
12
12
12
12
12
12
12
12
12
12
12
12
12
12
12
12
12
12
12
12
12
12
12
12
12
12
12
12
12
12
12
12
12
12
12
12
12
12
12
12
12
12
12
12
12
12
12
12
12
12
12
12
12
12
12
12
12
12
12
12
12
12
12
12
12
12
12
12
12
12
12
12
12
12
12
12
12
12
12
12
12
12
12
12
12
12
12
12
12
12
12
12
12
12
12
12
12
12
12
12
12
12
12
12
12
12
12
12
12
12
12
12
12
12
12
12
12
12
12
12
12
12
12
12
12
12
12
12
12
12
12
12
12
12
12
12
12
12
12
12
12
12
12
12
12
12
12
12
12
12
12
12
12
12
12
12
12
12
12
12
12
12
12
12
12
12
12
12
12
12
12
12
12
12
12
12
12
12
12
12
12
12
12
12
12
12
12
12
12
12
12
12
12
12
12
12
12
12
12
12
12
12
12
12
12
12
12
12
12
12
12
12
12
12
12
12
12
12
12
12
12
12
12
12
12
12
12
12
12
12
12
12
12
12
12
12
12
12
12
12
12
12
12
12
12
12
12
12
12
12
12
12
12
12
12
12
12
12
12
12
12
12
12
12
12
12
12
12
12
12
12
12
12
12
12
12
12
12
12
12
12
12
12
12
12
12
12
12
12
12
12
12
12
12
12
12
12
12
12
12
12
12
12
12
12
12
12
12
12
12
12
12
12
12
12
12
12
12
12
12
12
12
12
12
12
12
12
12
12
12
12
12
12
12
12
12
12
12
12
12
12
12
12
12
12
12
12
12
12
12
12
12
12
12
12
12
12
12
12
12
12
12
12
12
12
12
12
12
12
12
12
12
12
12
12
12
12
12
12
12
12
12
12
12
12
12
12
12
12
12
12
12
12
12
12
12
12
12
12
12
12
12
12
12
14.6082
15.0429
15.4776
15.9123
16.347
16.7817
17.2164
17.651
18.0857
18.5204
18.9551
19.3898
19.8245
20.2592
20.6939
21.1286
21.5633
21.998
22.4327
22.8674
23.3021
23.7368
24.1715
24.6062
25.0409
25.4756
25.9103
26.345
26.7797
27.2144
27.6491
28.0838
28.5184
28.9531
29.3878
29.8225
30.2572
30.6919
31.1266
31.5613
31.996
32.4307
32.8654
33.3001
33.7348
34.1695
34.6042
35.0389
35.4736
35.9083
36.343
36.7777
37.2124
37.6471
38.0818
38.5165
38.9512
39.3859
39.8205
40.2552
40.6899
41.1246
41.5593
41.994
42.4287
42.8634
43.2981
43.7328
44.1675
44.6022
45.0369
45.4716
45.9063
46.341
46.7757
47.2104
47.6451
48.0798
48.5145
48.9492
49.3839
49.8186
50.2533
50.6879
51.1226
51.5573
51.992
52.4267
52.8614
53.2961
53.7308
54.1655
54.6002
55.0349
55.4696
55.9043
56.339
56.7737
57.2084
57.6431
58.0778
58.5125
58.9472
59.3819
59.8166
60.2513
60.686
61.1207
61.5553
61.99
62.4247
62.8594
63.2941
63.7288
64.1635
64.5982
65.0329
65.4676
65.9023
66.337
66.7717
67.2064
67.6411
68.0758
68.5105
68.9452
69.3799
69.8146
70.2493
70.684
71.1187
71.5534
71.9881
72.4228
72.8574
73.2921
73.7268
74.1615
74.5962
75.0309
75.4656
75.9003
76.335
76.7697
77.2044
77.6391
78.0738
78.5085
78.9432
79.3779
79.8126
80.2473
80.682
81.1167
81.5514
81.9861
82.4208
82.8555
83.2902
83.7248
84.1595
84.5942
85.0289
85.4636
85.8983
86.333
86.7677
87.2024
87.6371
88.0718
88.5065
88.9412
89.3759
89.8106
90.2453
90.68
91.1147
91.5494
91.9841
92.4188
92.8535
93.2882
93.7229
94.1576
94.5922
95.0269
95.4616
95.8963
96.331
96.7657
97.2004
97.6351
98.0698
98.5045
98.9392
99.3739
99.8086
100.243
100.678
101.113
101.547
101.982
102.417
102.851
103.286
103.721
104.156
104.59
105.025
105.46
105.894
106.329
106.764
107.198
107.633
108.068
108.503
108.937
109.372
109.807
110.241
110.676
111.111
111.545
111.98
112.415
112.849
113.284
113.719
114.154
114.588
115.023
115.458
116
116
116
116
116
116
116
116
116
116
116
116
116
116
116
116
116
116
116
116
116
116
116
116
116
116
116
116
116
116
116
116
116
116
116
116
116
116
116
116
116
116
116
116
116
116
116
116
116
116
116
116
116
116
116
116
116
116
116
116
116
116
116
116
116
116
116
116
116
116
116
116
116
116
116
116
116
116
116
116
116
116
116
116
116
116
116
116
116
116
116
116
116
116
116
116
116
116
116
116
116
116
116
116
116
116
116
116
116
116
116
116
116
116
116
116
116
116
116
116
116
116
116
116
116
116
116
116
116
116
116
116
116
116
116
116
116
116
116
116
116
116
116
116
116
116
116
116
116
116
116
116
116
116
116
116
116
116
116
116
116
116
116
116
116
116
116
116
116
116
116
116
116
116
116
116
116
116
116
116
116
116
116
116
116
116
116
116
116
116
116
116
116
116
116
116
116
116
116
116
116
116
116
116
116
116
116
116
116
116
116
116
116
116
116
116
116
116
116
116
116
116
116
116
116
116
116
116
116
116
116
116
116
116
116
116
116
116
116
116
116
116
116
116
116
116
116
116
116
116
116
116
116
116
116
116
116
116
116
116
116
116
116
116
116
116
116
116
116
116
116
116
116
116
116
116
116
116
116
116
116
116
116
116
116
116
116
116
116
116
116
116
116
116
116
116
116
116
116
116
116
116
116
116
116
116
116
116
116
116
116
116
116
116
116
116
116
116
116
116
116
116
116
116
116
116
116
116
116
116
116
116
116
116
116
116
116
116
116
116
116
116
116
116
116
116
116
116
116
116
116
116
116
116
116
116
116
116
116
116
116
116
116
116
116
116
116
116
116
116
116
116
116
116
116
116
116
116
116
116
116
116
116
116
116
116
116
116
116
116
116
116
116
116
116
116
116
116
116
116
116
116
116
116
116
116
116
116
116
116
116
116
116
116
116
116
116
116
116
116
116
116
116
116
116
116
116
116
116
116
116
116
116
116
116
116
116
116
116
116
116
116
116
116
116
116
116
116
116
116
116
116
116
116
116
116
116
116
116
116
116
116
116
116
116
116
116
116
116
116
116
116
116
116
116
116
116
116
116
116
116
116
116
116
116
116
116
116
116
116
116
116
116
116
116
116
116
116
116
116
116
116
116
116
116
116
116
116
116
116
116
116
116
116
116
116
116
116
116
116
116
116
116
116
116
116
116
116
116
116
116
116
116
116
116
116
116
116
116
116
116
116
116
116
116
116
116
116
116
116
116
116
116
116
116
116
116
116
116
116
116
116
116
116
116
116
116
116
116
116
116
116
116
116
116
116
116
116
116
116
116
116
116
116
116
116
116
116
116
116
116
116
116
116
116
116
116
116
116
116
116
116
116
116
116
116
116
116
116
116
116
116
116
116
116
116
116
116
116
116
116
116
116
116
116
116
116
116
116
116
116
116
116
116
116
116
116
116
116
116
116
116
116
116
116
116
116
116
116
116
116
116
116
116
116
116
116
116
116
116
116
116
116
116
116
116
116
116
116
116
116
116
116
116
116
116
116
116
116
116
116
116
116
116
116
116
116
116
116
116
116
116
116
116
116
116
116
116
116
116
116
116
116
116
116
116
116
116
116
116
116
116
116
116
116
116
116
116
116
116
116
116
116
116
116
116
116
116
116
116
116
116
116
116
116
116
116
116
116
116
116
116
116
116
116
116
116
116
116
116
116
116
116
116
116
116
116
116
116
116
116
116
116
116
116
116
116
116
116
116
116
116
116
116
116
116
116
116
116
116
116
116
116
116
116
116
116
116
116
116
116
116
116
116
116
116
116
116
116
118.608
119.043
119.478
119.912
120.347
120.782
121.216
121.651
122.086
122.52
122.955
123.39
123.825
124.259
124.694
125.129
125.563
125.998
126.433
126.867
127.302
127.737
128.171
128.606
129.041
129.476
129.91
130.345
130.78
131.214
131.649
132.084
132.518
132.953
133.388
133.823
134.257
134.692
135.127
135.561
135.996
136.431
136.865
137.3
137.735
138.169
138.604
139.039
139.474
139.908
140.343
140.778
141.212
141.647
142.082
142.516
142.951
143.386
143.821
144.255
144.69
145.125
145.559
145.994
146.429
146.863
147.298
147.733
148.168
148.602
149.037
149.472
149.906
150.341
150.776
151.21
151.645
152.08
152.514
152.949
153.384
153.819
154.253
154.688
155.123
155.557
155.992
156.427
156.861
157.296
157.731
158.166
158.6
159.035
159.47
159.904
160.339
160.774
161.208
161.643
162.078
162.512
162.947
163.382
163.817
164.251
164.686
165.121
165.555
165.99
166.425
166.859
167.294
167.729
168.164
168.598
169.033
169.468
169.902
170.337
170.772
171.206
171.641
172.076
172.51
172.945
173.38
173.815
174.249
174.684
175.119
175.553
175.988
176.423
176.857
177.292
177.727
178.162
178.596
179.031
179.466
179.9
180.335
180.77
181.204
181.639
182.074
182.508
182.943
183.378
183.813
184.247
184.682
185.117
185.551
185.986
186.421
186.855
187.29
187.725
188.16
188.594
189.029
189.464
189.898
190.333
190.768
191.202
191.637
192.072
192.507
192.941
193.376
193.811
194.245
194.68
195.115
195.549
195.984
196.419
196.853
197.288
197.723
198.158
198.592
199.027
199.462
199.896
200.331
200.766
201.2
201.635
202.07
202.505
202.939
203.374
203.809
204.243
204.678
205.113
205.547
205.982
206.417
206.851
207.286
207.721
208.156
208.59
209.025
209.46
209.894
210.329
210.764
211.198
211.633
212.068
212.503
212.937
213.372
213.807
214.241
214.676
215.111
215.545
215.98
216.415
216.849
217.284
217.719
218.154
218.588
219.023
219.458
220
220
220
220
220
220
220
220
220
220
220
220
220
220
220
220
220
220
220
220
220
220
220
220
220
220
220
220
220
220
220
220
220
220
220
220
220
220
220
220
220
220
220
220
220
220
220
220
220
220
220
220
220
220
220
220
220
220
220
220
220
220
220
220
220
220
220
220
220
220
220
220
220
220
220
220
220
220
220
220
220
220
220
220
220
220
220
220
220
220
220
220
220
220
220
220
220
220
220
220
220
220
220
220
220
220
220
220
220
220
220
220
220
220
220
220
220
220
220
220
220
220
220
220
220
220
220
220
220
220
220
220
220
220
220
220
220
220
220
220
220
220
220
220
220
220
220
220
220
220
220
220
220
220
220
220
220
220
220
220
220
220
220
220
220
220
220
220
220
220
220
220
220
220
220
220
220
220
220
220
220
220
220
220
220
220
220
220
220
220
220
220
220
220
220
220
220
220
220
220
220
220
220
220
220
220
220
220
220
220
220
220
220
220
220
220
220
220
220
220
220
220
220
220
220
220
220
220
220
220
220
220
220
220
220
220
220
220
220
220
220
220
220
220
220
220
220
220
220
220
220
220
220
220
220
220
220
220
220
220
220
220
220
220
220
220
220
220
220
220
220
220
220
220
220
220
220
220
220
220
220
220
220
220
220
220
220
220
220
220
220
220
220
220
220
220
220
220
220
220
220
220
220
220
220
220
220
220
220
220
220
220
220
220
220
220
220
220
220
220
220
220
220
220
220
220
220
220
220
220
220
220
220
220
220
220
220
220
220
220
220
220
220
220
220
220
220
220
220
220
220
220
220
220
220
220
220
220
220
220
220
220
220
220
220
220
220
220
220
220
220
220
220
220
220
220
220
220
220
220
220
220
220
220
220
220
220
220
220
220
220
220
220
220
220
220
220
220
220
220
220
220
220
220
220
220
220
220
220
220
220
220
220
220
220
220
220
220
220
220
220
220
220
220
220
220
220
220
220
220
220
220
220
220
220
220
220
220
220
220
220
220
220
220
220
220
220
220
220
220
220
220
220
220
220
220
220
220
220
220
220
220
220
220
220
220
220
220
220
220
220
220
220
220
220
220
220
220
220
220
220
220
220
220
220
220
220
220
220
220
220
220
220
220
220
220
220
220
220
220
220
220
220
220
220
220
220
220
220
220
220
220
220
220
220
220
220
220
220
220
220
220
220
220
220
217.392
216.957
216.522
216.088
215.653
215.218
214.784
214.349
213.914
213.48
213.045
212.61
212.175
211.741
211.306
210.871
210.437
210.002
209.567
209.133
208.698
208.263
207.829
207.394
206.959
206.524
206.09
205.655
205.22
204.786
204.351
203.916
203.482
203.047
202.612
202.177
201.743
201.308
200.873
200.439
200.004
199.569
199.135
198.7
198.265
197.831
197.396
196.961
196.526
196.092
195.657
195.222
194.788
194.353
193.918
193.484
193.049
192.614
192.179
191.745
191.31
190.875
190.441
190.006
189.571
189.137
188.702
188.267
187.832
187.398
186.963
186.528
186.094
185.659
185.224
184.79
184.355
183.92
183.486
183.051
182.616
182.181
181.747
181.312
180.877
180.443
180.008
179.573
179.139
178.704
178.269
177.834
177.4
176.965
176.53
176.096
175.661
175.226
174.792
174.357
173.922
173.488
173.053
172.618
172.183
171.749
171.314
170.879
170.445
170.01
169.575
169.141
168.706
168.271
167.836
167.402
166.967
166.532
166.098
165.663
165.228
164.794
164.359
163.924
163.49
163.055
162.62
162.185
161.751
161.316
160.881
160.447
160.012
159.577
159.143
158.708
158.273
157.838
157.404
156.969
156.534
156.1
155.665
155.23
154.796
154.361
153.926
153.492
153.057
152.622
152.187
151.753
151.318
150.883
150.449
150.014
149.579
149.145
148.71
148.275
147.84
147.406
146.971
146.536
146.102
145.667
145.232
144.798
144.363
143.928
143.493
143.059
142.624
142.189
141.755
141.32
140.885
140.451
140.016
139.581
139.147
138.712
138.277
137.842
137.408
136.973
136.538
136.104
135.669
135.234
134.8
134.365
133.93
133.495
133.061
132.626
132.191
131.757
131.322
130.887
130.453
130.018
129.583
129.149
128.714
128.279
127.844
127.41
126.975
126.54
126.106
125.671
125.236
124.802
124.367
123.932
123.497
123.063
122.628
122.193
121.759
121.324
120.889
120.455
120.02
119.585
119.151
118.716
118.281
117.846
117.412
116.977
116.542
116
116
116
116
116
116
116
116
116
116
116
116
116
116
116
116
116
116
116
116
116
116
116
116
116
116
116
116
116
116
116
116
116
116
116
116
116
116
116
116
116
116
116
116
116
116
116
116
116
116
116
116
116
116
116
116
116
116
116
116
116
116
116
116
116
116
116
116
116
116
116
116
116
116
116
116
116
116
116
116
116
116
116
116
116
116
116
116
116
116
116
116
116
116
116
116
116
116
116
116
116
116
116
116
116
116
116
116
116
116
116
116
116
116
116
116
116
116
116
116
116
116
116
116
116
116
116
116
116
116
116
116
116
116
116
116
116
116
116
116
116
116
116
116
116
116
116
116
116
116
116
116
116
116
116
116
116
116
116
116
116
116
116
116
116
116
116
116
116
116
116
116
116
116
116
116
116
116
116
116
116
116
116
116
116
116
116
116
116
116
116
116
116
116
116
116
116
116
116
116
116
116
116
116
116
116
116
116
116
116
116
116
116
116
116
116
116
116
116
116
116
116
116
116
116
116
116
116
116
116
116
116
116
116
116
116
116
116
116
116
116
116
116
116
116
116
116
116
116
116
116
116
116
116
116
116
116
116
116
116
116
116
116
116
116
116
116
116
116
116
116
116
116
116
116
116
116
116
116
116
116
116
116
116
116
116
116
116
116
116
116
116
116
116
116
116
116
116
116
116
116
116
116
116
116
116
116
116
116
116
116
116
116
116
116
116
116
116
116
116
116
116
116
116
116
116
116
116
116
116
116
116
116
116
116
116
116
116
116
116
116
116
116
116
